MHTABLES 1
palettes 3
palette credits.pal
0 0 0 0
0 0 0 0
0 0 0 0
0 0 0 0
0 0 0 0
0 0 0 0
0 0 0 0
0 0 0 0
0 0 0 0
0 0 0 0
0 0 0 0
8 145 88 0
192 181 208 0
40 8 0 0
220 124 34 0
88 80 48 0
133 129 2 0
0 8 93 0
173 215 25 0
156 139 183 0
247 252 247 0
68 67 0 0
220 9 32 0
212 197 120 0
50 5 120 0
64 64 112 0
122 124 124 0
200 230 218 0
94 46 97 0
172 60 20 0
252 252 220 0
0 0 37 0
25 33 180 0
172 168 0 0
184 184 184 0
0 16 175 0
252 252 252 0
96 188 149 0
63 64 64 0
34 14 62 0
228 225 1 0
244 222 215 0
216 160 164 0
144 112 79 0
12 8 0 0
246 240 0 0
93 91 2 0
186 128 58 0
225 82 26 0
164 216 194 0
17 17 16 0
80 80 148 0
48 49 48 0
148 88 24 0
216 215 217 0
56 32 8 0
255 207 60 0
160 132 52 0
208 116 24 0
215 224 19 0
0 24 248 0
196 164 92 0
241 240 152 0
174 154 33 0
191 192 192 0
46 18 85 0
30 101 74 0
109 110 110 0
249 244 89 0
108 96 60 0
248 248 220 0
234 180 10 0
0 8 137 0
152 148 2 0
117 77 52 0
143 144 144 0
56 181 72 0
73 73 142 0
133 201 173 0
196 186 9 0
72 33 118 0
0 8 80 0
98 193 58 0
247 142 24 0
245 241 38 0
60 16 120 0
156 157 157 0
89 90 90 0
232 230 221 0
80 80 8 0
184 104 24 0
25 24 1 0
77 77 77 0
240 240 240 0
212 212 212 0
248 248 246 0
135 136 136 0
0 32 252 0
57 55 1 0
233 175 175 0
97 98 98 0
33 33 33 0
57 57 57 0
116 117 117 0
252 228 140 0
252 220 91 0
172 173 173 0
196 200 200 0
240 196 200 0
0 164 96 0
140 80 24 0
110 106 1 0
213 208 0 0
39 33 11 0
0 16 160 0
179 180 180 0
128 132 132 0
204 207 100 0
97 60 28 0
136 47 21 0
70 40 9 0
25 25 28 0
234 112 17 0
0 16 212 0
168 104 44 0
44 44 99 0
255 166 24 0
252 184 76 0
208 128 36 0
235 135 142 0
165 165 166 0
96 69 146 0
241 248 0 0
133 113 165 0
222 18 34 0
252 252 157 0
172 156 88 0
252 148 24 0
174 93 20 0
64 68 12 0
83 84 84 0
126 88 76 0
244 76 0 0
68 68 65 0
240 232 0 0
121 73 24 0
194 84 92 0
149 149 149 0
230 107 115 0
39 40 40 0
40 40 72 0
64 110 94 0
49 138 103 0
244 244 214 0
41 48 240 0
196 196 195 0
245 244 172 0
96 104 98 0
198 205 205 0
204 199 2 0
43 35 157 0
222 41 41 0
232 230 37 0
69 181 134 0
248 205 117 0
140 93 48 0
255 203 36 0
37 25 5 0
108 64 16 0
224 217 1 0
120 116 0 0
76 49 128 0
184 178 5 0
252 160 44 0
213 214 182 0
252 252 244 0
246 236 239 0
244 244 243 0
73 73 134 0
68 65 40 0
0 4 3 0
15 16 33 0
232 140 33 0
72 24 0 0
106 86 129 0
162 159 0 0
252 176 48 0
231 132 23 0
40 40 53 0
252 224 52 0
255 158 24 0
208 208 208 0
136 205 42 0
132 120 71 0
45 44 1 0
0 0 51 0
37 171 114 0
249 244 0 0
178 169 147 0
230 236 237 0
232 232 232 0
140 140 140 0
252 248 0 0
105 40 12 0
72 72 72 0
246 240 110 0
241 236 36 0
8 9 9 0
22 11 41 0
105 68 89 0
223 205 13 0
20 20 132 0
192 112 40 0
88 84 0 0
0 16 192 0
236 236 236 0
240 232 24 0
78 54 81 0
255 138 20 0
227 228 227 0
104 104 104 0
193 179 182 0
188 188 188 0
242 240 128 0
252 252 132 0
160 156 39 0
80 73 99 0
220 70 74 0
127 128 128 0
140 132 72 0
236 156 55 0
76 72 1 0
207 176 103 0
132 97 72 0
56 12 120 0
224 216 24 0
76 69 72 0
220 221 220 0
204 204 205 0
224 24 36 0
4 4 3 0
170 97 28 0
235 220 130 0
248 246 188 0
116 113 39 0
252 180 32 0
0 0 0 0
0 0 0 0
0 0 0 0
0 0 0 0
0 0 0 0
0 0 0 0
0 0 0 0
0 0 0 0
0 0 0 0
0 0 0 0
palette credits2.pal
1 0 22 0
0 0 41 0
8 0 41 0
0 0 53 0
8 1 70 0
16 4 69 0
27 22 69 0
0 0 90 0
8 0 90 0
8 8 90 0
16 0 90 0
16 8 82 0
24 8 82 0
38 31 82 0
8 0 99 0
16 0 99 0
16 8 90 0
24 8 90 0
16 8 99 0
24 8 99 0
24 16 90 0
33 16 90 0
24 16 99 0
33 16 99 0
33 24 90 0
41 24 90 0
33 33 90 0
41 33 90 0
51 45 90 0
0 0 107 0
8 0 107 0
8 0 115 0
16 0 107 0
16 0 115 0
16 8 107 0
24 8 107 0
24 16 107 0
33 16 107 0
33 24 99 0
33 24 107 0
33 33 107 0
41 24 99 0
41 24 107 0
41 33 99 0
49 33 99 0
41 33 107 0
49 33 107 0
41 41 99 0
49 41 99 0
41 41 107 0
49 41 107 0
57 41 107 0
49 49 99 0
57 49 99 0
49 49 107 0
57 49 107 0
57 57 99 0
63 57 104 0
66 66 99 0
8 0 123 0
8 0 132 0
16 0 123 0
16 0 132 0
16 0 140 0
16 8 115 0
16 8 123 0
24 0 123 0
24 0 132 0
24 8 115 0
24 8 123 0
24 8 132 0
24 16 115 0
24 16 123 0
24 16 132 0
33 16 115 0
33 24 115 0
41 24 115 0
33 16 123 0
33 24 123 0
41 24 123 0
37 20 132 0
41 24 140 0
33 33 115 0
41 33 115 0
49 33 115 0
41 33 123 0
49 33 123 0
41 33 132 0
41 41 115 0
49 33 132 0
49 41 115 0
57 41 115 0
49 41 123 0
57 41 123 0
49 41 132 0
49 49 115 0
49 49 123 0
57 49 115 0
57 49 123 0
57 57 115 0
61 53 119 0
66 49 123 0
66 57 115 0
66 57 123 0
57 41 132 0
57 49 132 0
66 49 132 0
49 35 142 0
57 45 140 0
57 41 152 0
66 49 140 0
66 57 132 0
66 57 140 0
57 49 148 0
57 49 156 0
66 49 148 0
66 53 152 0
66 57 156 0
70 63 119 0
82 78 117 0
76 63 136 0
86 80 132 0
76 63 145 0
86 78 140 0
98 88 140 0
84 71 148 0
90 82 148 0
80 67 156 0
82 69 169 0
95 85 151 0
107 90 148 0
98 87 159 0
99 86 171 0
106 103 139 0
111 107 152 0
116 108 156 0
105 94 175 0
113 99 175 0
115 107 173 0
123 111 169 0
128 122 158 0
128 118 176 0
140 123 173 0
137 130 167 0
137 129 181 0
144 138 173 0
153 148 178 0
113 101 193 0
129 115 197 0
136 123 189 0
132 119 206 0
140 123 198 0
144 136 189 0
136 123 210 0
144 132 206 0
140 140 198 0
151 143 194 0
160 152 189 0
162 153 198 0
156 146 206 0
165 156 206 0
157 145 220 0
169 163 194 0
169 160 206 0
179 174 193 0
177 169 206 0
165 156 214 0
169 160 214 0
177 173 210 0
189 177 206 0
173 163 218 0
181 173 214 0
176 163 231 0
185 179 216 0
198 181 214 0
189 173 222 0
188 176 234 0
193 189 210 0
189 189 222 0
200 195 211 0
206 198 214 0
193 185 231 0
198 189 222 0
202 191 226 0
206 198 222 0
198 198 231 0
208 206 219 0
206 198 231 0
210 202 231 0
214 206 231 0
214 214 214 0
218 218 222 0
193 185 242 0
206 192 241 0
210 199 245 0
214 214 231 0
214 206 239 0
214 214 239 0
214 206 251 0
222 206 231 0
222 214 231 0
222 206 239 0
222 214 239 0
214 214 247 0
222 206 251 0
222 214 251 0
222 222 235 0
231 214 239 0
231 222 231 0
231 222 239 0
222 222 247 0
226 218 251 0
231 214 255 0
231 222 247 0
231 231 239 0
231 222 255 0
231 231 247 0
239 222 251 0
239 231 239 0
239 231 247 0
247 231 247 0
231 231 255 0
239 231 255 0
247 231 255 0
239 239 239 0
239 239 247 0
247 239 247 0
239 239 255 0
247 239 255 0
255 239 255 0
247 247 247 0
247 247 255 0
255 247 255 0
255 255 239 0
255 255 247 0
255 255 255 0
0 0 0 0
0 0 0 0
0 0 0 0
0 0 0 0
0 0 0 0
0 0 0 0
0 0 0 0
0 0 0 0
0 0 0 0
0 0 0 0
0 0 0 0
0 0 0 0
0 0 0 0
0 0 0 0
0 0 0 0
0 0 0 0
0 0 0 0
0 0 0 0
0 0 0 0
0 0 0 0
palette moorhuhn.pal
0 0 0 0
0 0 0 0
0 0 0 0
0 0 0 0
0 0 0 0
0 0 0 0
0 0 0 0
0 0 0 0
0 0 0 0
0 0 0 0
0 0 0 0
145 118 38 0
101 0 0 0
251 217 30 0
104 54 4 0
48 0 0 0
189 2 0 0
117 120 139 0
252 0 252 0
24 38 20 0
212 209 212 0
72 89 113 0
188 153 136 0
211 134 20 0
47 63 25 0
140 65 22 0
9 12 6 0
69 0 0 0
156 1 0 0
251 240 197 0
189 189 200 0
205 63 10 0
104 97 88 0
179 120 22 0
65 30 7 0
104 21 0 0
105 85 23 0
150 156 175 0
230 174 34 0
222 1 0 0
225 17 1 0
9 0 0 0
136 119 73 0
80 0 0 0
65 65 67 0
141 98 16 0
40 20 3 0
138 142 161 0
152 26 2 0
188 125 73 0
109 93 44 0
172 167 184 0
84 12 0 0
251 240 34 0
27 16 3 0
37 50 21 0
183 137 36 0
65 52 12 0
88 61 3 0
165 148 143 0
222 134 86 0
247 252 249 0
156 107 88 0
180 175 190 0
245 196 157 0
155 101 13 0
113 0 0 0
236 128 19 0
79 81 25 0
109 42 14 0
127 86 16 0
90 94 112 0
201 103 28 0
106 76 12 0
140 89 11 0
197 193 203 0
240 177 92 0
246 29 4 0
103 101 117 0
56 0 0 0
49 30 6 0
249 219 180 0
252 252 239 0
92 0 0 0
232 0 0 0
40 40 55 0
160 128 69 0
8 8 4 0
90 84 65 0
77 52 5 0
125 92 51 0
102 13 0 0
125 25 1 0
238 172 141 0
197 35 4 0
85 32 8 0
251 214 121 0
140 100 37 0
17 25 15 0
104 77 32 0
228 161 29 0
249 16 1 0
247 5 0 0
250 192 24 0
251 251 58 0
245 88 85 0
158 117 32 0
123 1 0 0
28 27 4 0
121 108 119 0
172 109 16 0
133 40 4 0
212 148 28 0
49 40 8 0
120 77 10 0
72 5 0 0
191 151 69 0
69 61 20 0
177 0 0 0
128 93 21 0
217 157 90 0
205 201 207 0
116 104 86 0
234 226 222 0
249 160 16 0
60 0 0 0
19 8 2 0
252 252 252 0
192 128 22 0
84 69 21 0
122 60 24 0
65 53 40 0
142 149 168 0
167 126 25 0
114 93 23 0
128 13 0 0
74 96 120 0
156 108 32 0
250 60 10 0
166 87 25 0
199 146 25 0
92 101 121 0
125 104 56 0
82 65 56 0
237 0 0 0
246 96 14 0
52 48 17 0
164 62 8 0
156 149 162 0
94 9 0 0
193 9 0 0
180 129 31 0
186 148 116 0
81 90 111 0
205 0 0 0
36 33 12 0
185 184 196 0
21 1 1 0
113 12 0 0
158 122 102 0
84 52 25 0
15 20 12 0
106 86 67 0
252 251 101 0
141 88 43 0
64 40 9 0
56 20 3 0
197 137 28 0
12 16 9 0
88 0 0 0
215 159 33 0
37 41 19 0
101 8 0 0
131 120 105 0
105 61 28 0
172 36 3 0
251 252 21 0
142 109 38 0
176 105 58 0
129 102 26 0
94 17 0 0
121 76 40 0
85 88 93 0
248 41 9 0
96 0 0 0
180 180 193 0
157 160 178 0
70 70 23 0
84 0 0 0
92 76 22 0
111 102 25 0
17 12 4 0
165 128 44 0
249 195 94 0
158 109 17 0
197 170 143 0
116 85 19 0
84 42 12 0
86 62 20 0
243 159 95 0
48 41 25 0
251 63 61 0
106 109 126 0
112 29 2 0
164 165 182 0
50 49 59 0
133 124 136 0
248 177 24 0
196 148 44 0
18 32 18 0
93 70 16 0
143 105 19 0
251 252 41 0
248 245 241 0
164 137 110 0
104 77 61 0
76 0 0 0
172 173 188 0
236 144 17 0
128 106 87 0
148 147 164 0
9 4 1 0
221 216 216 0
72 17 1 0
108 97 68 0
92 84 25 0
204 12 0 0
137 0 0 0
53 53 20 0
26 28 17 0
156 156 174 0
168 117 26 0
186 129 105 0
85 74 61 0
108 0 0 0
137 25 1 0
88 52 4 0
82 97 120 0
149 152 171 0
153 42 3 0
251 201 25 0
115 21 0 0
104 65 4 0
228 0 0 0
64 0 0 0
156 104 60 0
0 0 0 0
0 0 0 0
0 0 0 0
0 0 0 0
0 0 0 0
0 0 0 0
0 0 0 0
0 0 0 0
0 0 0 0
0 0 0 0
tabel1
0 32 0 0 32 64 96 64 32 0 0 32 64 96 128 160 128 96 64 32 0 0 32 64 96 128 160 192 224 192 160 128 96 64 32 0 0 32 64 96 128 160 192 224 256 288 256 224 192 160 128 96 64 32 0 0 32 64 96 128 160 192 224 256 288 320 352 320 288 256 224 192 160 128 96 64 32 0 0 32 64 96 128 160 192 224 256 288 320 352 384 416 384 352 320 288 256 224 192 160 128 96 64 32 0 0 32 64 96 128 160 192 224 256 288 320 352 384 416 448 480 448 416 384 352 320 288 256 224 192 160 128 96 64 32 64 96 128 160 192 224 256 288 320 352 384 416 448 480 512 544 512 480 448 416 384 352 320 288 256 224 192 160 128 96 128 160 192 224 256 288 320 352 384 416 448 480 512 544 576 608 576 544 512 480 448 416 384 352 320 288 256 224 192 160 192 224 256 288 320 352 384 416 448 480 512 544 576 608 608 576 544 512 480 448 416 384 352 320 288 256 224 256 288 320 352 384 416 448 480 512 544 576 608 608 576 544 512 480 448 416 384 352 320 288 320 352 384 416 448 480 512 544 576 608 608 576 544 512 480 448 416 384 352 384 416 448 480 512 544 576 608 608 576 544 512 480 448 416 448 480 512 544 576 608 608 576 544 512 480 512 544 576 608 608 576 544 576 608 608 0 0 32 64 32 0 0 32 64 96 128 96 64 32 0 0 32 64 96 128 160 192 160 128 96 64 32 0 0 32 64 96 128 160 192 224 256 224 192 160 128 96 64 32 0 0 32 64 96 128 160 192 224 256 288 320 288 256 224 192 160 128 96 64 32 0 0 32 64 96 128 160 192 224 256 288 320 352 384 352 320 288 256 224 192 160 128 96 64 32 0 0 32 64 96 128 160 192 224 256 288 320 352 384 416 448 416 384 352 320 288 256 224 192 160 128 96 64 32 0 0 32 64 96 128 160 192 224 256 288 320 352 384 416 448 448 416 384 352 320 288 256 224 192 160 128 96 64 32 0 0 32 64 96 128 160 192 224 256 288 320 352 384 416 448 448 416 384 352 320 288 256 224 192 160 128 96 64 32 0 0 32 64 96 128 160 192 224 256 288 320 352 384 416 448 448 416 384 352 320 288 256 224 192 160 128 96 64 32 64 96 128 160 192 224 256 288 320 352 384 416 448 448 416 384 352 320 288 256 224 192 160 128 96 128 160 192 224 256 288 320 352 384 416 448 448 416 384 352 320 288 256 224 192 160 192 224 256 288 320 352 384 416 448 448 416 384 352 320 288 256 224 256 288 320 352 384 416 448 448 416 384 352 320 288 320 352 384 416 448 448 416 384 352 384 416 448 448 416 448
tabel2
0 32 64 96 128 160 192 224 256 288 320 352 384 416 448 480 512 544 576 608 608 608 608 608 608 608 608 608 608 608 608 608 608 608 576 544 512 480 448 416 384 352 320 288 256 224 192 160 128 96 64 32 0 0 0 0 0 0 0 0 0 0 0 0 0 0 32 64 96 128 160 192 224 256 288 320 352 384 416 448 480 512 544 576 576 576 576 576 576 576 576 576 576 576 576 576 544 512 480 448 416 384 352 320 288 256 224 192 160 128 96 64 32 32 32 32 32 32 32 32 32 32 32 32 64 96 128 160 192 224 256 288 320 352 384 416 448 480 512 544 544 544 544 544 544 544 544 544 544 544 512 480 448 416 384 352 320 288 256 224 192 160 128 96 64 64 64 64 64 64 64 64 64 64 96 128 160 192 224 256 288 320 352 384 416 448 480 512 512 512 512 512 512 512 512 512 480 448 416 384 352 320 288 256 224 192 160 128 96 96 96 96 96 96 96 96 128 160 192 224 256 288 320 352 384 416 448 480 480 480 480 480 480 480 448 416 384 352 320 288 256 224 192 160 128 128 128 128 128 128 160 192 224 256 288 320 352 384 416 448 448 448 448 448 416 384 352 320 288 256 224 192 160 160 160 160 192 224 256 288 320 352 384 416 416 416 384 352 320 288 256 224 192 192 224 256 288 320 352 384 0 0 0 0 0 0 0 0 0 0 0 0 0 0 0 0 0 0 0 0 32 64 96 128 160 192 224 256 288 320 352 384 416 448 448 448 448 448 448 448 448 448 448 448 448 448 448 448 448 448 448 448 448 416 384 352 320 288 256 224 192 160 128 96 64 32 32 32 32 32 32 32 32 32 32 32 32 32 32 32 32 32 32 32 64 96 128 160 192 224 256 288 320 352 384 416 416 416 416 416 416 416 416 416 416 416 416 416 416 416 416 416 416 384 352 320 288 256 224 192 160 128 96 64 64 64 64 64 64 64 64 64 64 64 64 64 64 64 64 64 96 128 160 192 224 256 288 320 352 384 384 384 384 384 384 384 384 384 384 384 384 384 384 384 384 352 320 288 256 224 192 160 128 96 96 96 96 96 96 96 96 96 96 96 96 96 96 96 128 160 192 224 256 288 320 352 352 352 352 352 352 352 352 352 352 352 352 352 352 320 288 256 224 192 160 128 128 128 128 128 128 128 128 128 128 128 128 128 160 192 224 256 288 320 320 320 320 320 320 320 320 320 320 320 320 288 256 224 192 160 160 160 160 160 160 160 160 160 160 160 192 224 256 288 288 288 288 288 288 288 288 288 288 256 224 192 192 192 192 192 192 192 192 192 224 256 256 256 256 256 256 256 256 224 224 224 224 224 224 224
end
